{
 "cells": [
  {
   "cell_type": "code",
   "execution_count": 1,
   "id": "fee67eb1",
   "metadata": {},
   "outputs": [],
   "source": [
    "import pandas as pd"
   ]
  },
  {
   "cell_type": "code",
   "execution_count": 3,
   "id": "4e597958",
   "metadata": {},
   "outputs": [
    {
     "data": {
      "text/html": [
       "<div>\n",
       "<style scoped>\n",
       "    .dataframe tbody tr th:only-of-type {\n",
       "        vertical-align: middle;\n",
       "    }\n",
       "\n",
       "    .dataframe tbody tr th {\n",
       "        vertical-align: top;\n",
       "    }\n",
       "\n",
       "    .dataframe thead th {\n",
       "        text-align: right;\n",
       "    }\n",
       "</style>\n",
       "<table border=\"1\" class=\"dataframe\">\n",
       "  <thead>\n",
       "    <tr style=\"text-align: right;\">\n",
       "      <th></th>\n",
       "      <th>Date/Time</th>\n",
       "      <th>Lat</th>\n",
       "      <th>Lon</th>\n",
       "      <th>Base</th>\n",
       "    </tr>\n",
       "  </thead>\n",
       "  <tbody>\n",
       "    <tr>\n",
       "      <th>0</th>\n",
       "      <td>9/1/2014 0:01:00</td>\n",
       "      <td>40.2201</td>\n",
       "      <td>-74.0021</td>\n",
       "      <td>B02512</td>\n",
       "    </tr>\n",
       "    <tr>\n",
       "      <th>1</th>\n",
       "      <td>9/1/2014 0:01:00</td>\n",
       "      <td>40.7500</td>\n",
       "      <td>-74.0027</td>\n",
       "      <td>B02512</td>\n",
       "    </tr>\n",
       "    <tr>\n",
       "      <th>2</th>\n",
       "      <td>9/1/2014 0:03:00</td>\n",
       "      <td>40.7559</td>\n",
       "      <td>-73.9864</td>\n",
       "      <td>B02512</td>\n",
       "    </tr>\n",
       "    <tr>\n",
       "      <th>3</th>\n",
       "      <td>9/1/2014 0:06:00</td>\n",
       "      <td>40.7450</td>\n",
       "      <td>-73.9889</td>\n",
       "      <td>B02512</td>\n",
       "    </tr>\n",
       "    <tr>\n",
       "      <th>4</th>\n",
       "      <td>9/1/2014 0:11:00</td>\n",
       "      <td>40.8145</td>\n",
       "      <td>-73.9444</td>\n",
       "      <td>B02512</td>\n",
       "    </tr>\n",
       "    <tr>\n",
       "      <th>...</th>\n",
       "      <td>...</td>\n",
       "      <td>...</td>\n",
       "      <td>...</td>\n",
       "      <td>...</td>\n",
       "    </tr>\n",
       "    <tr>\n",
       "      <th>1028131</th>\n",
       "      <td>9/30/2014 22:57:00</td>\n",
       "      <td>40.7668</td>\n",
       "      <td>-73.9845</td>\n",
       "      <td>B02764</td>\n",
       "    </tr>\n",
       "    <tr>\n",
       "      <th>1028132</th>\n",
       "      <td>9/30/2014 22:57:00</td>\n",
       "      <td>40.6911</td>\n",
       "      <td>-74.1773</td>\n",
       "      <td>B02764</td>\n",
       "    </tr>\n",
       "    <tr>\n",
       "      <th>1028133</th>\n",
       "      <td>9/30/2014 22:58:00</td>\n",
       "      <td>40.8519</td>\n",
       "      <td>-73.9319</td>\n",
       "      <td>B02764</td>\n",
       "    </tr>\n",
       "    <tr>\n",
       "      <th>1028134</th>\n",
       "      <td>9/30/2014 22:58:00</td>\n",
       "      <td>40.7081</td>\n",
       "      <td>-74.0066</td>\n",
       "      <td>B02764</td>\n",
       "    </tr>\n",
       "    <tr>\n",
       "      <th>1028135</th>\n",
       "      <td>9/30/2014 22:58:00</td>\n",
       "      <td>40.7140</td>\n",
       "      <td>-73.9496</td>\n",
       "      <td>B02764</td>\n",
       "    </tr>\n",
       "  </tbody>\n",
       "</table>\n",
       "<p>1028136 rows × 4 columns</p>\n",
       "</div>"
      ],
      "text/plain": [
       "                  Date/Time      Lat      Lon    Base\n",
       "0          9/1/2014 0:01:00  40.2201 -74.0021  B02512\n",
       "1          9/1/2014 0:01:00  40.7500 -74.0027  B02512\n",
       "2          9/1/2014 0:03:00  40.7559 -73.9864  B02512\n",
       "3          9/1/2014 0:06:00  40.7450 -73.9889  B02512\n",
       "4          9/1/2014 0:11:00  40.8145 -73.9444  B02512\n",
       "...                     ...      ...      ...     ...\n",
       "1028131  9/30/2014 22:57:00  40.7668 -73.9845  B02764\n",
       "1028132  9/30/2014 22:57:00  40.6911 -74.1773  B02764\n",
       "1028133  9/30/2014 22:58:00  40.8519 -73.9319  B02764\n",
       "1028134  9/30/2014 22:58:00  40.7081 -74.0066  B02764\n",
       "1028135  9/30/2014 22:58:00  40.7140 -73.9496  B02764\n",
       "\n",
       "[1028136 rows x 4 columns]"
      ]
     },
     "execution_count": 3,
     "metadata": {},
     "output_type": "execute_result"
    }
   ],
   "source": [
    "df = pd.read_csv(r\"C:\\Users\\Lenovo\\Desktop\\Project Aymen\\Project d'analyse les traject UBER\\UBERBigData.csv\")\n",
    "df"
   ]
  },
  {
   "cell_type": "code",
   "execution_count": 4,
   "id": "d1c45330",
   "metadata": {},
   "outputs": [
    {
     "name": "stdout",
     "output_type": "stream",
     "text": [
      "<class 'pandas.core.frame.DataFrame'>\n",
      "RangeIndex: 1028136 entries, 0 to 1028135\n",
      "Data columns (total 4 columns):\n",
      " #   Column     Non-Null Count    Dtype  \n",
      "---  ------     --------------    -----  \n",
      " 0   Date/Time  1028136 non-null  object \n",
      " 1   Lat        1028136 non-null  float64\n",
      " 2   Lon        1028136 non-null  float64\n",
      " 3   Base       1028136 non-null  object \n",
      "dtypes: float64(2), object(2)\n",
      "memory usage: 31.4+ MB\n"
     ]
    }
   ],
   "source": [
    "df.info()"
   ]
  },
  {
   "cell_type": "code",
   "execution_count": 5,
   "id": "be3271d5",
   "metadata": {},
   "outputs": [],
   "source": [
    "df[['Date' , 'Time']] = df['Date/Time'].str.split(' ',expand=True)"
   ]
  },
  {
   "cell_type": "code",
   "execution_count": 6,
   "id": "51bfb153",
   "metadata": {},
   "outputs": [
    {
     "data": {
      "text/html": [
       "<div>\n",
       "<style scoped>\n",
       "    .dataframe tbody tr th:only-of-type {\n",
       "        vertical-align: middle;\n",
       "    }\n",
       "\n",
       "    .dataframe tbody tr th {\n",
       "        vertical-align: top;\n",
       "    }\n",
       "\n",
       "    .dataframe thead th {\n",
       "        text-align: right;\n",
       "    }\n",
       "</style>\n",
       "<table border=\"1\" class=\"dataframe\">\n",
       "  <thead>\n",
       "    <tr style=\"text-align: right;\">\n",
       "      <th></th>\n",
       "      <th>Lat</th>\n",
       "      <th>Lon</th>\n",
       "      <th>Base</th>\n",
       "      <th>Date</th>\n",
       "      <th>Time</th>\n",
       "    </tr>\n",
       "  </thead>\n",
       "  <tbody>\n",
       "    <tr>\n",
       "      <th>0</th>\n",
       "      <td>40.2201</td>\n",
       "      <td>-74.0021</td>\n",
       "      <td>B02512</td>\n",
       "      <td>9/1/2014</td>\n",
       "      <td>0:01:00</td>\n",
       "    </tr>\n",
       "    <tr>\n",
       "      <th>1</th>\n",
       "      <td>40.7500</td>\n",
       "      <td>-74.0027</td>\n",
       "      <td>B02512</td>\n",
       "      <td>9/1/2014</td>\n",
       "      <td>0:01:00</td>\n",
       "    </tr>\n",
       "    <tr>\n",
       "      <th>2</th>\n",
       "      <td>40.7559</td>\n",
       "      <td>-73.9864</td>\n",
       "      <td>B02512</td>\n",
       "      <td>9/1/2014</td>\n",
       "      <td>0:03:00</td>\n",
       "    </tr>\n",
       "    <tr>\n",
       "      <th>3</th>\n",
       "      <td>40.7450</td>\n",
       "      <td>-73.9889</td>\n",
       "      <td>B02512</td>\n",
       "      <td>9/1/2014</td>\n",
       "      <td>0:06:00</td>\n",
       "    </tr>\n",
       "    <tr>\n",
       "      <th>4</th>\n",
       "      <td>40.8145</td>\n",
       "      <td>-73.9444</td>\n",
       "      <td>B02512</td>\n",
       "      <td>9/1/2014</td>\n",
       "      <td>0:11:00</td>\n",
       "    </tr>\n",
       "    <tr>\n",
       "      <th>...</th>\n",
       "      <td>...</td>\n",
       "      <td>...</td>\n",
       "      <td>...</td>\n",
       "      <td>...</td>\n",
       "      <td>...</td>\n",
       "    </tr>\n",
       "    <tr>\n",
       "      <th>1028131</th>\n",
       "      <td>40.7668</td>\n",
       "      <td>-73.9845</td>\n",
       "      <td>B02764</td>\n",
       "      <td>9/30/2014</td>\n",
       "      <td>22:57:00</td>\n",
       "    </tr>\n",
       "    <tr>\n",
       "      <th>1028132</th>\n",
       "      <td>40.6911</td>\n",
       "      <td>-74.1773</td>\n",
       "      <td>B02764</td>\n",
       "      <td>9/30/2014</td>\n",
       "      <td>22:57:00</td>\n",
       "    </tr>\n",
       "    <tr>\n",
       "      <th>1028133</th>\n",
       "      <td>40.8519</td>\n",
       "      <td>-73.9319</td>\n",
       "      <td>B02764</td>\n",
       "      <td>9/30/2014</td>\n",
       "      <td>22:58:00</td>\n",
       "    </tr>\n",
       "    <tr>\n",
       "      <th>1028134</th>\n",
       "      <td>40.7081</td>\n",
       "      <td>-74.0066</td>\n",
       "      <td>B02764</td>\n",
       "      <td>9/30/2014</td>\n",
       "      <td>22:58:00</td>\n",
       "    </tr>\n",
       "    <tr>\n",
       "      <th>1028135</th>\n",
       "      <td>40.7140</td>\n",
       "      <td>-73.9496</td>\n",
       "      <td>B02764</td>\n",
       "      <td>9/30/2014</td>\n",
       "      <td>22:58:00</td>\n",
       "    </tr>\n",
       "  </tbody>\n",
       "</table>\n",
       "<p>1028136 rows × 5 columns</p>\n",
       "</div>"
      ],
      "text/plain": [
       "             Lat      Lon    Base       Date      Time\n",
       "0        40.2201 -74.0021  B02512   9/1/2014   0:01:00\n",
       "1        40.7500 -74.0027  B02512   9/1/2014   0:01:00\n",
       "2        40.7559 -73.9864  B02512   9/1/2014   0:03:00\n",
       "3        40.7450 -73.9889  B02512   9/1/2014   0:06:00\n",
       "4        40.8145 -73.9444  B02512   9/1/2014   0:11:00\n",
       "...          ...      ...     ...        ...       ...\n",
       "1028131  40.7668 -73.9845  B02764  9/30/2014  22:57:00\n",
       "1028132  40.6911 -74.1773  B02764  9/30/2014  22:57:00\n",
       "1028133  40.8519 -73.9319  B02764  9/30/2014  22:58:00\n",
       "1028134  40.7081 -74.0066  B02764  9/30/2014  22:58:00\n",
       "1028135  40.7140 -73.9496  B02764  9/30/2014  22:58:00\n",
       "\n",
       "[1028136 rows x 5 columns]"
      ]
     },
     "execution_count": 6,
     "metadata": {},
     "output_type": "execute_result"
    }
   ],
   "source": [
    "df=df.iloc[:,1:]\n",
    "df"
   ]
  },
  {
   "cell_type": "code",
   "execution_count": 7,
   "id": "3e0d8859",
   "metadata": {},
   "outputs": [
    {
     "data": {
      "text/html": [
       "<div>\n",
       "<style scoped>\n",
       "    .dataframe tbody tr th:only-of-type {\n",
       "        vertical-align: middle;\n",
       "    }\n",
       "\n",
       "    .dataframe tbody tr th {\n",
       "        vertical-align: top;\n",
       "    }\n",
       "\n",
       "    .dataframe thead th {\n",
       "        text-align: right;\n",
       "    }\n",
       "</style>\n",
       "<table border=\"1\" class=\"dataframe\">\n",
       "  <thead>\n",
       "    <tr style=\"text-align: right;\">\n",
       "      <th></th>\n",
       "      <th>Base</th>\n",
       "      <th>Lat</th>\n",
       "      <th>Lon</th>\n",
       "      <th>Date</th>\n",
       "      <th>Time</th>\n",
       "    </tr>\n",
       "  </thead>\n",
       "  <tbody>\n",
       "    <tr>\n",
       "      <th>0</th>\n",
       "      <td>B02512</td>\n",
       "      <td>40.2201</td>\n",
       "      <td>-74.0021</td>\n",
       "      <td>9/1/2014</td>\n",
       "      <td>0:01:00</td>\n",
       "    </tr>\n",
       "    <tr>\n",
       "      <th>1</th>\n",
       "      <td>B02512</td>\n",
       "      <td>40.7500</td>\n",
       "      <td>-74.0027</td>\n",
       "      <td>9/1/2014</td>\n",
       "      <td>0:01:00</td>\n",
       "    </tr>\n",
       "    <tr>\n",
       "      <th>2</th>\n",
       "      <td>B02512</td>\n",
       "      <td>40.7559</td>\n",
       "      <td>-73.9864</td>\n",
       "      <td>9/1/2014</td>\n",
       "      <td>0:03:00</td>\n",
       "    </tr>\n",
       "    <tr>\n",
       "      <th>3</th>\n",
       "      <td>B02512</td>\n",
       "      <td>40.7450</td>\n",
       "      <td>-73.9889</td>\n",
       "      <td>9/1/2014</td>\n",
       "      <td>0:06:00</td>\n",
       "    </tr>\n",
       "    <tr>\n",
       "      <th>4</th>\n",
       "      <td>B02512</td>\n",
       "      <td>40.8145</td>\n",
       "      <td>-73.9444</td>\n",
       "      <td>9/1/2014</td>\n",
       "      <td>0:11:00</td>\n",
       "    </tr>\n",
       "    <tr>\n",
       "      <th>...</th>\n",
       "      <td>...</td>\n",
       "      <td>...</td>\n",
       "      <td>...</td>\n",
       "      <td>...</td>\n",
       "      <td>...</td>\n",
       "    </tr>\n",
       "    <tr>\n",
       "      <th>1028131</th>\n",
       "      <td>B02764</td>\n",
       "      <td>40.7668</td>\n",
       "      <td>-73.9845</td>\n",
       "      <td>9/30/2014</td>\n",
       "      <td>22:57:00</td>\n",
       "    </tr>\n",
       "    <tr>\n",
       "      <th>1028132</th>\n",
       "      <td>B02764</td>\n",
       "      <td>40.6911</td>\n",
       "      <td>-74.1773</td>\n",
       "      <td>9/30/2014</td>\n",
       "      <td>22:57:00</td>\n",
       "    </tr>\n",
       "    <tr>\n",
       "      <th>1028133</th>\n",
       "      <td>B02764</td>\n",
       "      <td>40.8519</td>\n",
       "      <td>-73.9319</td>\n",
       "      <td>9/30/2014</td>\n",
       "      <td>22:58:00</td>\n",
       "    </tr>\n",
       "    <tr>\n",
       "      <th>1028134</th>\n",
       "      <td>B02764</td>\n",
       "      <td>40.7081</td>\n",
       "      <td>-74.0066</td>\n",
       "      <td>9/30/2014</td>\n",
       "      <td>22:58:00</td>\n",
       "    </tr>\n",
       "    <tr>\n",
       "      <th>1028135</th>\n",
       "      <td>B02764</td>\n",
       "      <td>40.7140</td>\n",
       "      <td>-73.9496</td>\n",
       "      <td>9/30/2014</td>\n",
       "      <td>22:58:00</td>\n",
       "    </tr>\n",
       "  </tbody>\n",
       "</table>\n",
       "<p>1028136 rows × 5 columns</p>\n",
       "</div>"
      ],
      "text/plain": [
       "           Base      Lat      Lon       Date      Time\n",
       "0        B02512  40.2201 -74.0021   9/1/2014   0:01:00\n",
       "1        B02512  40.7500 -74.0027   9/1/2014   0:01:00\n",
       "2        B02512  40.7559 -73.9864   9/1/2014   0:03:00\n",
       "3        B02512  40.7450 -73.9889   9/1/2014   0:06:00\n",
       "4        B02512  40.8145 -73.9444   9/1/2014   0:11:00\n",
       "...         ...      ...      ...        ...       ...\n",
       "1028131  B02764  40.7668 -73.9845  9/30/2014  22:57:00\n",
       "1028132  B02764  40.6911 -74.1773  9/30/2014  22:57:00\n",
       "1028133  B02764  40.8519 -73.9319  9/30/2014  22:58:00\n",
       "1028134  B02764  40.7081 -74.0066  9/30/2014  22:58:00\n",
       "1028135  B02764  40.7140 -73.9496  9/30/2014  22:58:00\n",
       "\n",
       "[1028136 rows x 5 columns]"
      ]
     },
     "execution_count": 7,
     "metadata": {},
     "output_type": "execute_result"
    }
   ],
   "source": [
    "NewOrder =['Base' , 'Lat' , 'Lon' , 'Date' ,'Time'] \n",
    "df = df.reindex(columns=NewOrder)\n",
    "df"
   ]
  },
  {
   "cell_type": "code",
   "execution_count": 8,
   "id": "931e6152",
   "metadata": {},
   "outputs": [],
   "source": [
    "df = df.iloc[:100000]"
   ]
  },
  {
   "cell_type": "code",
   "execution_count": 9,
   "id": "8e34e7ee",
   "metadata": {},
   "outputs": [],
   "source": [
    "#df.to_excel(r\"C:\\Users\\Lenovo\\Desktop\\Project Aymen\\Project d'analyse les traject UBER\\UberTrip.xlsx\" , index =False)"
   ]
  },
  {
   "cell_type": "code",
   "execution_count": 10,
   "id": "454a52f9",
   "metadata": {},
   "outputs": [
    {
     "data": {
      "text/plain": [
       "Base    0\n",
       "Lat     0\n",
       "Lon     0\n",
       "Date    0\n",
       "Time    0\n",
       "dtype: int64"
      ]
     },
     "execution_count": 10,
     "metadata": {},
     "output_type": "execute_result"
    }
   ],
   "source": [
    "df.isnull().sum()"
   ]
  },
  {
   "cell_type": "code",
   "execution_count": 11,
   "id": "bb7bcf6b",
   "metadata": {},
   "outputs": [
    {
     "data": {
      "text/plain": [
       "(100000, 5)"
      ]
     },
     "execution_count": 11,
     "metadata": {},
     "output_type": "execute_result"
    }
   ],
   "source": [
    "df.shape"
   ]
  },
  {
   "cell_type": "code",
   "execution_count": null,
   "id": "99155795",
   "metadata": {},
   "outputs": [],
   "source": []
  }
 ],
 "metadata": {
  "kernelspec": {
   "display_name": "Python 3 (ipykernel)",
   "language": "python",
   "name": "python3"
  },
  "language_info": {
   "codemirror_mode": {
    "name": "ipython",
    "version": 3
   },
   "file_extension": ".py",
   "mimetype": "text/x-python",
   "name": "python",
   "nbconvert_exporter": "python",
   "pygments_lexer": "ipython3",
   "version": "3.11.5"
  }
 },
 "nbformat": 4,
 "nbformat_minor": 5
}
